190
name r g b
IMG_0474 508.0 1027.0 705.0
IMG_0318 262.0 561.0 413.0
IMG_0530 494.0 1113.0 874.0
IMG_0324 347.0 718.0 505.0
IMG_0315 814.0 1711.5 1230.0
IMG_0797 471.0 1018.0 769.0
8D5U5602 2527.0 3126.0 1783.0
IMG_0789 354.0 780.0 571.0
IMG_0903 213.0 319.0 142.0
IMG_0376 492.0 1059.0 770.0
IMG_0499 497.0 1097.0 846.0
IMG_0890 383.0 506.0 185.0
IMG_0672 390.0 837.0 625.0
IMG_0319 298.0 624.0 443.0
IMG_0892 453.0 586.0 178.0
8D5U5526 470.0 572.0 239.0
IMG_0424 355.0 751.0 554.0
IMG_0760 704.0 1554.0 1221.0
IMG_0633 336.0 489.0 204.0
IMG_0427 876.0 1837.0 1353.0
IMG_0875 458.0 1036.0 703.0
8D5U5566 1866.0 3136.0 2641.0
IMG_0389 1326.0 2902.0 2282.0
IMG_0520 175.0 349.0 239.0
IMG_0901 117.0 153.0 52.0
IMG_0333 180.0 378.0 271.0
IMG_0334 479.0 1010.0 729.0
IMG_0749 197.0 439.0 342.0
IMG_0512 333.0 749.0 593.0
IMG_0467 134.0 280.0 195.0
8D5U5592 563.0 785.0 549.0
IMG_0772 495.0 1103.5 870.0
8D5U5527 1413.0 1735.0 836.0
IMG_0902 135.0 181.0 67.0
IMG_0806 773.0 1740.0 1385.0
IMG_0816 347.0 789.0 633.0
IMG_0675 901.0 1936.0 1462.0
IMG_0779 717.0 1552.0 1097.0
IMG_0683 201.0 431.0 328.0
IMG_0408 1051.0 2232.0 1649.0
IMG_0801 195.0 437.0 344.0
IMG_0307 342.0 720.0 521.0
8D5U5560 1259.0 2124.0 1763.0
IMG_0863 150.0 233.0 110.0
IMG_0824 100.0 228.0 181.0
8D5U5539 1588.0 2264.0 1442.0
IMG_0815 845.0 1908.0 1529.0
IMG_0586 178.0 224.0 69.0
IMG_0589 583.0 737.0 228.0
IMG_0335 488.0 1059.0 794.0
IMG_0313 341.0 716.0 519.0
IMG_0795 185.0 407.0 317.5
IMG_0440 670.0 1286.0 850.0
IMG_0482 73.0 177.0 139.0
IMG_0564 243.0 554.0 404.0
IMG_0763 331.0 731.0 567.0
IMG_0632 190.0 228.0 70.0
IMG_0378 681.0 1448.0 1109.0
IMG_0745 293.0 653.0 506.0
IMG_0679 543.0 1169.0 878.0
8D5U5589 571.0 1029.0 947.0
IMG_0880 81.0 173.0 113.0
IMG_0859 224.0 467.0 325.0
IMG_0386 1556.0 3015.0 2026.0
IMG_0497 764.0 1678.0 1284.0
IMG_0374 353.0 760.0 565.0
IMG_0323 406.0 858.0 623.0
IMG_0507 114.0 253.0 186.0
IMG_0858 230.0 372.0 164.0
IMG_0394 451.0 939.0 664.0
IMG_0882 354.0 737.0 466.0
8D5U5604 670.0 833.0 472.0
IMG_0430 210.0 394.0 263.0
IMG_0861 636.0 784.0 293.0
IMG_0596 480.0 614.0 197.0
IMG_0831 184.0 419.0 329.0
IMG_0429 586.0 991.0 596.0
IMG_0403 454.0 966.0 710.0
IMG_0414 758.0 1581.0 1113.0
IMG_0607 245.0 325.0 110.0
IMG_0355 555.0 1213.0 909.0
IMG_0514 273.0 621.0 492.0
IMG_0438 452.0 896.5 598.0
IMG_0516 966.0 2151.0 1639.0
IMG_0785 235.0 527.0 414.0
8D5U5612 367.0 306.0 115.0
IMG_0366 957.0 1883.0 1278.5
IMG_0281 168.5 364.5 273.0
IMG_0799 130.0 291.0 230.0
IMG_0310 276.0 597.0 449.0
8D5U5570 1925.0 3170.0 2631.5
8D5U5548 393.0 476.0 213.0
IMG_0439 133.0 291.0 228.0
IMG_0860 309.0 662.0 490.0
IMG_0399 474.0 945.0 650.0
8D5U5563 686.5 1144.0 933.0
8D5U5615 445.0 347.0 116.0
8D5U5550 248.0 308.0 166.0
IMG_0601 234.0 301.0 92.0
8D5U5614 664.0 503.0 152.0
IMG_0624 187.0 293.0 125.0
IMG_0783 283.0 632.0 498.0
IMG_0555 1234.0 1538.0 465.0
IMG_0825 411.0 942.0 756.0
IMG_0479 482.0 1020.0 745.0
IMG_0383 229.0 491.0 286.5
IMG_0320 368.0 782.0 572.0
IMG_0810 68.0 153.0 120.0
IMG_0521 482.0 1083.0 808.0
IMG_0480 290.0 565.0 376.0
IMG_0773 568.0 1249.0 970.0
IMG_0343 655.0 1303.0 890.0
IMG_0545 181.0 233.0 72.0
IMG_0508 277.0 602.0 451.0
IMG_0344 313.0 672.0 483.0
IMG_0835 421.0 968.0 779.0
IMG_0681 283.0 588.0 363.0
IMG_0524 1067.0 2450.0 1956.0
IMG_0678 794.0 1729.0 1311.0
IMG_0755 227.0 490.0 375.0
8D5U5580 501.0 519.0 267.0
IMG_0375 820.0 1757.0 1313.5
IMG_0534 1150.0 2103.0 1317.0
IMG_0458 481.0 1053.0 798.0
IMG_0443 428.0 983.0 795.0
IMG_0465 63.0 120.0 74.0
IMG_0608 250.0 308.0 92.0
IMG_0337 354.0 766.0 576.0
IMG_0506 368.0 819.0 628.0
IMG_0896 98.0 218.0 144.0
IMG_0559 511.0 915.0 524.0
IMG_0432 391.0 822.0 591.0
8D5U5607 1093.0 1912.0 1668.0
IMG_0666 242.0 416.0 216.0
IMG_0855 381.0 688.0 398.0
IMG_0598 889.5 1983.0 1324.0
IMG_0456 129.0 324.0 290.0
8D5U5544 504.0 803.0 580.0
IMG_0834 167.0 383.0 309.0
IMG_0684 224.0 484.0 364.0
IMG_0581 430.0 565.0 199.0
8D5U5613 631.0 513.0 133.0
IMG_0847 230.0 244.0 57.0
IMG_0685 126.0 241.0 140.0
IMG_0873 45.0 107.0 76.0
IMG_0393 543.0 1069.0 717.0
IMG_0841 225.0 520.0 418.0
IMG_0510 794.0 1779.0 1398.0
IMG_0550 311.0 395.0 125.0
IMG_0448 615.0 1340.0 968.0
IMG_0798 119.0 200.0 101.5
IMG_0830 213.0 486.0 370.0
IMG_0602 238.0 310.0 93.0
8D5U5593 271.0 345.0 207.0
8D5U5543 249.0 449.0 395.0
IMG_0879 207.0 471.0 320.0
IMG_0449 224.0 522.0 427.0
IMG_0680 681.0 1472.0 1102.0
IMG_0306 183.0 385.0 280.0
IMG_0546 106.0 231.0 150.0
IMG_0836 957.0 1504.0 603.0
IMG_0441 150.0 322.0 245.0
IMG_0433 52.0 91.0 46.0
IMG_0451 279.0 635.0 507.0
IMG_0753 1319.0 2858.0 2255.0
IMG_0481 230.0 455.0 308.0
IMG_0876 59.0 103.0 52.0
8D5U5617 492.0 412.0 136.0
IMG_0369 470.0 945.0 653.0
8D5U5536 944.0 1667.0 1363.0
IMG_0544 815.0 1030.0 317.0
IMG_0677 662.0 1434.0 1093.0
IMG_0883 402.0 833.0 525.0
IMG_0778 354.0 785.0 614.0
IMG_0523 954.0 2114.0 1639.0
IMG_0295 227.0 481.5 351.5
IMG_0604 263.0 367.0 134.0
IMG_0486 220.0 490.0 332.0
IMG_0894 528.0 653.0 199.0
IMG_0820 261.0 590.0 475.0
IMG_0401 205.0 439.0 325.0
IMG_0493 141.0 314.0 237.0
IMG_0351 849.0 1805.0 1325.5
IMG_0509 363.0 815.0 634.0
IMG_0327 480.0 985.0 599.0
IMG_0567 307.0 378.0 116.0
IMG_0519 405.0 898.0 690.0
IMG_0491 324.0 692.0 499.0
8D5U5558 354.0 429.0 205.0
8D5U5532 437.0 586.0 345.0
